730
2923300
570
1245620
218
2139460
578080
1938090
2074920
271590
1203220
252490
1172470
1086940
381210
413150
431960
1085660
359550
251570
440
230410
105600
39210
236390
289070
2195250
1222670
275850
2357570
2252570
2936120
1623730
553850
1366800
550
1174180
221100
2448970
394360
436150
108600
2016590
377160
252950
294100
438100
892970
4000
346110
1091500
489830
480
1623660
3047030
582010
304930
582660
1449850
1142710
739630
227300
322330
1966720
813780
322170
2567870
1248130
250900
8930
646570
1158310
291550
261550
629520
2291060
960090
1454400
2399830
2977660
2073850
1172620
284160
1151340
1364780
306130
386360
513710
427520
899770
281990
270880
236850
548430
216150
2349820
2338770
292030
107410
594650
2849080
2670630
1778820
1238810
1144200
238960
457140
1905180
1551360
218620
761890
526870
1293830
1665460
393380
1973530
632360
244210
1325860
2379780
1920960
2426960
1517290
1812620
255710
529340
1281930
1476970
1604030
1818750
1466860
2707930
365670
766570
367520
1283970
286160
1599340
311210
1326470
1329410
1238840
814380
990080
374320
1267910
1818450
949230
1250410
2141910
714010
1158160
304390
2646460
1049590
945360
1716740
1677740
10
1118200
1997040
976730
552990
686810
1904540
22380
1384160
648800
440900
2215430
431730
1446780
1145360
264710
2344520
1687950
444090
2951630
1361210
700330
1286830
240
2445690
49520
1868140
1147690
460930
376210
232090
242760
233860
444200
1063730
1794680
812140
1922560
244850
2003310
2591280
1240440
1203620
2050650
933110
1145350
977400
985810
214950
435150
1782210
1304930
2231380
1857090
1258080
2420110
2668080
1363080
1284210
1811260
570940
204360
2321470
2552430
2471100
1973710
397540
518790
1184370
627690
1284190
380600
1328670
2881650
779340
1062090
504230
962130
268500
3590
12210
1919590
1426210
1201240
1971870
655500
48700
1260320
208650
2250040
221380
993090
2963870
1290000
2325290
881100
2186680
703080
8500
601510
1942280
534380
1366540
1891700
1447430
1659040
356190
392160
386180
1343400
2808930
379430
1588010
1824220
4700
1568590
2051620
239140
671860
262060
1371580
958260
1874880
1468810
602960
231430
1416920
2140330
1401590
34330
1506830
961200
335300
1128810
1167630
400040
613100
1259420
2161700
916440
1607250
505460
323190
203770
1229490
471710
359320
268910
266840
632470
1407200
363970
361420
1422440
1139980
784150
1593500
644930
1677280
1569040
620
508440
1013320
219990
1432860
47890
1995520
495420
1151640
2524890
1244460
594570
1535560
1875830
220200
1282100
493340
2054970
1465360
1129580
635260
10500
2427700
573090
1669000
588650
2816950
400750
552520
1313140
877280
1527950
669330
663090
719890
2208920
581320
1943950
815370
1222690
1928420
305620
2167580
32470
427410
1817070
2484110
805550
1787090
1056640
2384620
1097150
786520
459820
2479810
287700
568220
2394010
976310
1546320
665300
2894940
588430
1009850
1465470
637090
1549250
1621690
1599600
767560
1482520
211820
1149460
1222680
872410
1888160
835570
454650
1211020
2273430
1627720
1041320
1190000
2862610
824270
2488620
881020
1468260
728880
1797880
8800
582160
924970
1859910
1259970
883710
2281730
466170
1237970
346900
466560
782330
1948980
72850
1084600
219740
311690
9900
678950
601150
3076520
784080
433340
325610
1092790
1066780
1404210
3910
787860
1637320
2854160
1458140
200210
1611600
1353300
552500
851850
1840
1222140
1206560
1113000
2551020
1815780
1336490
905370
1812450
2221490
1827180
2113850
2289450
335240
1238860
2369390
2406770
412220
2315690
1898300
787480
1180320
346290
632810
2108330
383120
1189490
1371980
1477830
47810
2892880
1190970
1774580
1343370
2072450
1985810
1625450
1629520
1974050
1557740
389430
524220
233450
2666510
977950
447040
1940340
1029690
365360
212680
391540
544810
2076010
1170950
1433140
1044720
1263850
312520
312060
1325200
1164940
1318690
22330
1196590
1262240
1217060
1069660
848450
1256670
266410
1286680
1533390
920490
431240
1465460
2334730
880940
2739590
70
2225070
629760
1336980
1100600
2459550
1594320
368260
254700
629730
1046930
297000
242050
453480
1385380
1147560
1809540
599140
3017120
342200
304050
2996990
418370
1708850
223750
975370
477160
200260
1062520
799960
1574360
1714040
2138610
1172380
2276930
22370
636480
220
1274570
268850
383980
363890
2307350
753640
329110
552100
2080690
1276390
774801
1227890
1676840
702320
1690710
1237950
699130
516750
1888930
1877960
379720
1399720
799600
1335200
2157560
527230
203140
704450
2212330
228200
885970
218230
1068820
1150690
2066020
489630
1850570
1462040
1235140
234140
2593370
1876890
638970
544730
1054490
2229850
2961880
34030
1846380
551170
9420
838350
992070
1969870
387990
463530
492720
585420
986130
1096900
244450
780290
1324130
21690
1419170
2140510
1881700
1397920
17390
774361
2000950
35140
298110
351940
934700
1124300
1367080
109600
349040
1948800
610080
3064370
2864890
2396910
2420510
445220
2458860
896660
391220
692890
1333350
404790
1029780
1449690
1295510
628070
221040
1583320
774171
1887840
2739990
359870
1282730
2418520
2962810
221680
3900
225540
438040
720620
287450
898920
3330
2732960
2333480
1197260
203160
386940
1812820
1976440
640820
670290
1296610
1210320
282070
1105420
1869590
4760
469600
1017180
1180380
500
365590
1721470
2725560
212200
2231450
400
362890
2218750
312660
269210
1971650
843380
2784840
736190
1279510
920210
1811990
205710
242920
1817190
493520
280680
241930
2103530
1451190
1179580
736220
1017900
224260
42960
690790
333640
1213210
2695940
388080
9450
220240
200510
314160
626690
603850
397900
2203070
371970
502520
1644960
2484250
1677350
1683150
1102190
2440510
209000
489520
769560
2933080
1418630
2069310
1272080
2835570
2138710
2698780
1238040
2767520
1176470
777130
1577120
212500
367500
1593350
346010
571740
701160
750920
1657630
2552450
729040
1562430
2742140
293760
744900
756800
1827980
315210
1492070
42700
2772560
1929610
464920
1522820
363150
1162750
2071280
494840
1173370
40970
872790
1118310
424030
1127400
1096530
475150
1473350
2088570
1106840
1173510
382310
2897580
1486350
2865490
1435790
1898830
246620
1499560
412020
389730
208580
784950
834910
861650
751780
253710
1097840
2187220
1970580
10090
105450
223710
1870300
1693980
307690
403640
2510710
2495450
243470
273110
1284410
859580
1144400
204880
228280
212910
1651560
24200
1449560
1266630
205100
289650
1520470
3069530
952060
955900
674940
1606180
269950
285900
668580
972660
1097430
2132850
1066890
373420
1032430
337410
637650
790710
1331550
1686940
535930
12120
2315040
2627540
1659420
22320
2389120
16900
360430
897330
1007040
1949740
392110
1948280
2171440
418530
620980
1127500
1332010
1188930
698780
1119730
2224640
1268750
1377380
2429860
1537830
1002300
1057090
78000
677620
704850
2455140
1352080
1584090
2082470
1536610
2439510
65800
1296830
251060
872200
32370
2458530
19680
1498570
339600
1084160
1451940
228380
458750
1977530
2494350
666140
1042550
1105670
2362300
2336220
354290
794260
800270
780310
646910
1928980
2343650
238320
261640
960170
1278540
238460
544550
1241100
1380910
1954420
2014780
2622000
239030
307780
39140
225840
201230
213610
624090
365960
1273400
2015270
583950
2826180
1669980
597180
2064650
1408610
835960
223850
1694420
24010
2181940
17480
20900
223470
433850
1161580
895400
997010
1687670
319630
946050
1337520
1361350
2021910
235460
704270
1937480
12200
257350
2064870
597170
616720
470220
673950
8870
228180
667970
1330000
2586650
65980
234330
2252590
2811830
268650
488790
236110
418460
1488200
1377580
550650
707010
919640
1252780
2103140
